episode,reward,length,epsilon,mean_loss,steps
1,-220.23726366447977,121,0.995,4.838994979858398,121
2,-106.64277197234935,102,0.990025,49.52826520323753,223
3,-71.18922988631542,139,0.985074875,52.761583256721494,362
4,-88.52823135269261,100,0.9801495006250001,47.009796795845034,462
5,-326.47220363925516,104,0.9752487531218751,43.55187524318695,566
6,-204.03329230126042,60,0.9703725093562657,41.56051269173622,626
7,-133.59769088907396,112,0.9655206468094844,39.077903656959535,738
8,-130.42339548670202,65,0.960693043575437,41.23232824683189,803
9,-10.91063739052558,98,0.9558895783575597,46.24506013870239,901
10,-143.90249778316655,84,0.9511101304657719,37.46455103397369,985
11,-122.37193442851785,59,0.946354579813443,40.91793780326843,1044
12,-76.53982376615042,93,0.9416228069143757,36.67421794891357,1137
13,-38.46110287654823,92,0.9369146928798039,33.429948642253876,1229
14,-137.5669853331469,63,0.9322301194154049,38.359792902469636,1292
15,-139.00536937373383,78,0.9275689688183278,37.21969860553742,1370
16,-94.25823558472345,56,0.9229311239742362,35.6368595635891,1426
17,-174.85895577067396,76,0.918316468354365,26.731767141819,1502
18,-276.64080902477326,126,0.9137248860125932,30.82515458703041,1628
19,-135.23850891714147,117,0.9091562615825302,41.2140059864521,1745
20,-77.63111724297627,75,0.9046104802746175,38.2446724152565,1820
21,-88.24893550202509,83,0.9000874278732445,25.276995382905007,1903
22,-49.27946584202092,85,0.8955869907338783,22.673413206934928,1988
23,-120.57039487413273,90,0.8911090557802088,28.59250947713852,2078
24,-70.38969498184295,107,0.8866535105013078,22.960458356142045,2185
25,-105.43340239644104,72,0.8822202429488013,27.00338697373867,2257
26,-67.39130760316834,61,0.8778091417340573,27.36716439843178,2318
27,-151.07705795635314,123,0.8734200960253871,26.93807208776474,2441
28,-50.00027394016606,74,0.8690529955452602,28.039718042612076,2515
29,-83.9821456197965,85,0.8647077305675338,29.041956712007522,2600
30,-43.44039246449795,78,0.8603841919146962,28.664029027223588,2678
31,32.65177811816864,1000,0.8560822709551227,37.14795945167541,3678
32,9.188879381358348,108,0.851801859600347,26.478478939533233,3786
33,-49.62447714657342,81,0.8475428503023453,33.315309295654295,3867
34,-122.4802598321833,80,0.8433051360508336,30.063837839365007,3947
35,-77.70166925578955,65,0.8390886103705794,31.645869141817094,4012
36,-20.619603083340337,100,0.8348931673187264,25.62846705675125,4112
37,-103.34921047970496,98,0.8307187014821328,33.174008297920224,4210
38,-139.8505282695747,95,0.8265651079747222,31.53531240940094,4305
39,-61.69490046392531,123,0.8224322824348486,33.904202690124514,4428
40,-77.19660826073917,61,0.8183201210226743,41.61739253997803,4489
41,-13.791489594592946,92,0.8142285204175609,33.84642368555069,4581
42,-84.82705350053521,73,0.810157377815473,31.519475593566895,4654
43,-143.24800733722282,132,0.8061065909263957,30.195475573539735,4786
44,-70.72353464338633,118,0.8020760579717637,20.230291888713836,4904
45,-158.83003003012004,108,0.798065677681905,25.612179510593414,5012
46,-52.30528234902881,109,0.7940753492934954,28.64218886256218,5121
47,-78.90451307236718,84,0.7901049725470279,33.11929824113846,5205
48,-114.94103582609887,104,0.7861544476842928,29.122213425636293,5309
49,-95.15338299429482,116,0.7822236754458713,28.334302645921706,5425
50,-111.35155131482108,112,0.778312557068642,29.51929936170578,5537
51,-167.3398862090882,98,0.7744209942832988,37.01783609628677,5635
52,-17.439429479286204,73,0.7705488893118823,53.42542023897171,5708
53,-69.08438154135963,66,0.7666961448653229,30.332274116277695,5774
54,-123.27916653462927,123,0.7628626641409962,43.2818389749527,5897
55,-61.895435229751385,83,0.7590483508202912,36.25562826395035,5980
56,-192.8252384040926,117,0.7552531090661897,38.0644830417633,6097
57,-66.22409114545178,66,0.7514768435208588,24.269432821273803,6163
58,-92.97960788980548,87,0.7477194593032545,27.927208037376403,6250
59,5.806692937869755,117,0.7439808620067382,28.364607713222505,6367
60,-142.96888186694557,84,0.7402609576967045,33.047131116390226,6451
61,-42.43554697438198,117,0.736559652908221,51.00090439081192,6568
62,-94.97694332515701,76,0.7328768546436799,37.77983735561371,6644
63,-70.87493668439927,108,0.7292124703704616,29.568967630863188,6752
64,-16.372372685874055,95,0.7255664080186093,34.53927950620651,6847
65,-56.642430236774146,127,0.7219385759785162,33.6371596622467,6974
66,-244.7239679113396,106,0.7183288830986236,27.250300923585893,7080
67,-246.63835916403082,138,0.7147372386831305,23.537501833438874,7218
68,-59.83974484783032,147,0.7111635524897149,49.251482746601106,7365
69,-87.73312230000224,105,0.7076077347272662,28.60958707809448,7470
70,-211.29124817565042,120,0.7040696960536299,49.786105422973634,7590
71,-95.5967602599855,99,0.7005493475733617,40.483813202381135,7689
72,-35.081943688975315,72,0.697046600835495,34.60991242885589,7761
73,-63.98284305634243,84,0.6935613678313175,60.08105881929398,7845
74,-48.39712898219713,84,0.6900935609921609,45.87355907201767,7929
75,-73.59540265505727,119,0.6866430931872001,44.691073021888734,8048
76,-91.7271568878793,134,0.6832098777212641,34.71506497740746,8182
77,-65.27497702644791,130,0.6797938283326578,35.99070645093918,8312
78,-79.68385419870876,129,0.6763948591909945,52.43492489099503,8441
79,-29.965776457049188,80,0.6730128848950395,38.932716948986055,8521
80,-96.8524856339966,103,0.6696478204705644,45.04309218406677,8624
81,-65.52069301786952,94,0.6662995813682115,45.50681920528412,8718
82,-63.050251701378215,123,0.6629680834613705,37.731664164066316,8841
83,-47.35181217728008,101,0.6596532430440636,37.60924613952637,8942
84,-134.7712098917354,111,0.6563549768288433,37.71444081544876,9053
85,-95.8836243609663,80,0.653073201944699,39.91363847732544,9133
86,-56.00355247393705,114,0.6498078359349755,44.479704015254974,9247
87,-54.83477455848464,83,0.6465587967553006,42.864752750396725,9330
88,-108.98420937792723,93,0.6433260027715241,42.691322269439695,9423
89,-134.17744472091618,80,0.6401093727576664,50.31960415124893,9503
90,-27.243086398383454,81,0.6369088258938781,42.059172258377075,9584
91,-67.90343267515479,132,0.6337242817644086,43.042885966300965,9716
92,-139.89907491192668,110,0.6305556603555866,33.127775728702545,9826
93,-43.06427533952568,105,0.6274028820538087,37.69950511455536,9931
94,-77.67946806308966,76,0.6242658676435396,41.486247568130494,10007
95,-64.81124212133916,133,0.6211445383053219,39.515597693920135,10140
96,-98.02003901481133,130,0.6180388156137953,45.30676100730896,10270
97,-23.543856377677287,141,0.6149486215357263,39.44029422998428,10411
98,-61.967983567038125,62,0.6118738784280476,40.22341660499573,10473
99,-99.54010633981312,157,0.6088145090359074,50.75811552286148,10630
100,-81.13438047165145,126,0.6057704364907278,52.54464334487915,10756
101,-58.71641173289474,83,0.6027415843082742,46.99986224412918,10839
102,-22.122062090272422,83,0.5997278763867329,45.738780705928804,10922
103,-27.58206610780107,120,0.5967292370047992,37.14675000667572,11042
104,-152.30524574478875,121,0.5937455908197752,60.846952476501464,11163
105,34.62022919291701,115,0.5907768628656763,50.415590720176695,11278
106,-39.005584509159874,106,0.5878229785513479,37.084971497058866,11384
107,3.982274877699737,101,0.5848838636585911,42.32913384437561,11485
108,-210.97336291700447,116,0.5819594443402982,33.328329632282255,11601
109,1.0811666094829775,85,0.5790496471185967,43.11359288454056,11686
110,-40.06987370205006,120,0.5761543988830038,35.35619091033936,11806
111,12.455989889538074,133,0.5732736268885887,35.27122692108154,11939
112,-64.48063419476466,131,0.5704072587541458,30.97430314064026,12070
113,-29.828205325462633,134,0.567555222460375,71.22696343421936,12204
114,-15.845842051442673,185,0.5647174463480732,32.99205697536468,12389
115,-60.251989694556784,112,0.5618938591163328,33.714760036468505,12501
116,-63.98266292818969,124,0.5590843898207511,25.477541694641115,12625
117,-56.38547604854533,96,0.5562889678716474,33.277924835681915,12721
118,-16.797529122110674,124,0.5535075230322891,41.418087494373324,12845
119,-97.60189391546548,119,0.5507399854171277,39.913655898571015,12964
120,-30.751443776320045,157,0.547986285490042,20.663808269500734,13121
121,-55.97650484975096,142,0.5452463540625918,26.128454403877257,13263
122,1.6878337625185225,161,0.5425201222922789,31.52951709985733,13424
123,8.224246690741325,190,0.5398075216808175,35.57788209438324,13614
124,-154.15897202098853,281,0.5371084840724134,38.411231541633605,13895
125,-76.98582529829781,83,0.5344229416520513,36.40586680173874,13978
126,-30.87919297586413,93,0.531750826943791,29.68857769012451,14071
127,-78.4625615131854,146,0.5290920728090721,39.87101808786392,14217
128,-26.256433076256158,114,0.5264466124450268,33.41931691408158,14331
129,-75.36752357299636,152,0.5238143793828016,32.75602242708206,14483
130,-158.35447049633592,120,0.5211953074858876,27.413469774723055,14603
131,18.953641769018986,132,0.5185893309484582,36.95978569030762,14735
132,-92.09491767800539,60,0.5159963842937159,34.26033805847168,14795
133,-83.70911416296602,314,0.5134164023722473,29.171853249073028,15109
134,14.08510891198543,131,0.510849320360386,28.097078750133516,15240
135,-4.868057728055703,111,0.5082950737585841,34.33167344331741,15351
136,-20.475405962615,103,0.5057535983897912,36.72518658399582,15454
137,-60.937386341084384,114,0.5032248303978422,25.23841120004654,15568
138,-28.33549583780716,106,0.500708706245853,33.64439521789551,15674
139,-46.37112033843,115,0.4982051627146237,25.235665159225462,15789
140,-164.23460659526927,156,0.49571413690105054,25.39594973444939,15945
141,-154.41984486410445,536,0.4932355662165453,25.440077538490296,16481
142,-25.08766523181906,86,0.4907693883854626,24.487829039096834,16567
143,-50.14694755626163,108,0.4883155414435353,30.097554688453673,16675
144,-72.78052492756049,299,0.4858739637363176,39.26566492795944,16974
145,-45.08770520109679,111,0.483444593917636,42.58711493492127,17085
146,-42.49987492030881,433,0.4810273709480478,31.58673504114151,17518
147,-30.787353072852383,137,0.47862223409330756,29.462517721652986,17655
148,-89.05629743829992,240,0.47622912292284103,42.383529467582704,17895
149,-25.00317560132666,198,0.4738479773082268,30.03472935438156,18093
150,-47.14857906118981,168,0.47147873742168567,33.56203324317932,18261
151,-31.766185024184793,142,0.46912134373457726,36.669269468784336,18403
152,-11.594729767996029,125,0.46677573701590436,46.367864873409275,18528
153,-108.75104701556658,175,0.46444185833082485,26.193327958583833,18703
154,-62.7956519823387,259,0.46211964903917074,25.333179116249084,18962
155,30.969123673700636,130,0.4598090507939749,33.78226583957672,19092
156,-3.289317942532705,206,0.457510005540005,25.536858735084532,19298
157,-13.105975001371831,120,0.45522245551230495,32.3937322640419,19418
158,-349.7081168996453,705,0.4529463432347434,24.9515761756897,20123
159,-193.15707876510547,833,0.4506816115185697,52.174371151924134,20956
160,-283.0669138411105,792,0.4484282034609769,42.5462481045723,21748
161,-386.35838904809805,445,0.446186062443672,27.152061347961425,22193
162,-50.1549137517793,655,0.4439551321314536,28.177099494934083,22848
163,-19.452301808008627,83,0.4417353564707963,43.02561003446579,22931
164,-20.852357443893183,157,0.43952667968844233,47.201720526218416,23088
165,-166.96966200344963,806,0.43732904629000013,53.85108313560486,23894
166,-74.99119755947687,139,0.4351424010585501,44.67371971130371,24033
167,5.233539067017451,1000,0.43296668905325736,46.47416295528412,25033
168,-139.20746590639976,149,0.43080185560799106,38.598497948646546,25182
169,-94.1758948795974,434,0.4286478463299511,50.632164950370786,25616
170,35.88747106107187,1000,0.42650460709830135,47.18563481330872,26616
171,-0.8489681921294192,214,0.42437208406280985,40.04986594438553,26830
172,-71.58542030703532,129,0.4222502236424958,31.238904547691345,26959
173,-26.751565705210115,1000,0.42013897252428334,63.618816103935245,27959
174,-40.85153241485622,1000,0.4180382776616619,50.639081542491915,28959
175,-63.849184448413105,93,0.4159480862733536,60.51740624427796,29052
176,-81.38141443079269,1000,0.41386834584198684,47.94468687534332,30052
177,-22.472399700482057,145,0.4117990041127769,48.09102668762207,30197
178,-79.50203700471818,806,0.40974000909221303,47.429864537715915,31003
179,-49.87269931092583,101,0.40769130904675194,42.44618227005005,31104
180,19.441747036412785,1000,0.40565285250151817,43.029387507438656,32104
181,-18.42879793426438,73,0.4036245882390106,47.724399571418765,32177
182,10.630090025348434,1000,0.4016064652978155,43.993945994377135,33177
183,26.333888526274535,137,0.3995984329713264,30.010497279167176,33314
184,-135.93868622844445,203,0.3976004408064698,40.544686269760135,33517
185,42.23918021668467,168,0.39561243860243744,40.923188314437866,33685
186,46.46126995914376,1000,0.3936343764094253,45.86691549777984,34685
187,2.9195030480204167,124,0.39166620452737816,50.102849707603454,34809
188,46.14097135016518,1000,0.3897078735047413,56.397180609703064,35809
189,-39.50523687746988,155,0.3877593341372176,48.34191120862961,35964
190,20.751851840153684,1000,0.3858205374665315,46.551590814590455,36964
191,-12.721270590084913,1000,0.38389143477919885,47.17660912513733,37964
192,4.743382040801058,1000,0.3819719776053028,35.268362865448,38964
193,4.942994624934798,131,0.3800621177172763,52.56808495044708,39095
194,-8.004283946965183,1000,0.37816180712868996,49.20559143543243,40095
195,-95.47163348593055,122,0.37627099809304654,78.94333166122436,40217
196,-177.56771552039777,181,0.3743896431025813,53.052037043571474,40398
197,-75.68391138064233,130,0.37251769488706843,56.629671607017514,40528
198,-28.227526340826884,106,0.3706551064126331,49.07255340576172,40634
199,25.122362898482095,137,0.36880183088056995,62.46972624540329,40771
200,25.012770444229346,105,0.3669578217261671,42.22930067539215,40876
201,88.48986873777184,1000,0.36512303261753626,36.899140791893004,41876
202,-42.92492733666607,1000,0.3632974174544486,50.867280488014224,42876
203,52.28817324769793,148,0.3614809303671764,42.0576252412796,43024
204,-30.004063039594882,141,0.3596735257153405,56.70271181583404,43165
205,-26.410240000565977,1000,0.3578751580867638,47.469908742904664,44165
206,75.0934835438408,1000,0.35608578229633,49.05980882167816,45165
207,-24.36561864204397,110,0.3543053533848483,31.32359348297119,45275
208,-88.7882642184961,88,0.35253382661792404,54.87007761955261,45363
209,-57.69774214427742,148,0.3507711574848344,44.34031629800796,45511
210,-52.4111960978112,120,0.34901730169741024,64.01957063674926,45631
211,-194.03462165890824,180,0.3472722151889232,36.86191501140595,45811
212,-57.621700536756705,217,0.3455358541129786,42.71469896316528,46028
213,27.136175494828706,116,0.3438081748424137,42.17852427005768,46144
214,68.72887879664043,1000,0.3420891339682016,57.59634686946869,47144
215,8.859643277491799,113,0.3403786882983606,30.462375559806823,47257
216,-1.24884983409261,127,0.3386767948568688,34.409045557975766,47384
217,108.7365966757102,1000,0.33698341088258443,27.21903549671173,48384
218,89.10172747833671,1000,0.3352984938281715,35.741821753978726,49384
219,25.728590995713787,109,0.33362200135903064,58.26467943668366,49493
220,112.62872118309997,1000,0.33195389135223546,47.53834773540497,50493
221,-54.504843892585285,133,0.3302941218954743,48.92296471357346,50626
222,129.69280297316539,1000,0.32864265128599696,60.369228081703184,51626
223,-166.56501634434545,455,0.326999438029567,40.53913567066193,52081
224,-176.92558040227374,207,0.3253644408394192,40.06424870967865,52288
225,-172.87139858394107,765,0.3237376186352221,36.009347999095915,53053
226,12.645052272447245,106,0.322118930542046,60.996500852108,53159
227,-0.05258763036476921,153,0.32050833588933575,53.79684535980225,53312
228,31.352241667479916,112,0.31890579420988907,46.03015358448029,53424
229,96.21745663689472,1000,0.3173112652388396,44.9695370221138,54424
230,37.685414600052724,138,0.3157247089126454,50.32463106155396,54562
231,-12.825219229301666,88,0.3141460853680822,51.636438827514645,54650
232,86.14527527367542,1000,0.3125753549412418,44.599187424182894,55650
233,-19.20144143209224,107,0.31101247816653554,49.10809894561768,55757
234,126.41975665712224,1000,0.30945741577570285,37.43019305467605,56757
235,64.78804655202654,146,0.3079101286968243,46.860066618919376,56903
236,203.90866921347515,554,0.3063705780533402,32.460084595680236,57457
237,118.8963676402602,1000,0.30483872516307353,36.415243015289306,58457
238,7.759783205157873,1000,0.3033145315372582,47.65872644424439,59457
239,66.45332576376707,1000,0.3017979588795719,57.534194128513334,60457
240,71.10585546665304,1000,0.30028896908517405,33.10652798891068,61457
241,-5.746300297260518,82,0.2987875242397482,27.01389883995056,61539
242,117.30487020252082,1000,0.29729358661854943,31.451088190078735,62539
243,-5.670101979186043,140,0.29580711868545667,40.60498113155365,62679
244,100.24191926309618,1000,0.2943280830920294,36.025065689086915,63679
245,-7.256847609942895,98,0.29285644267656924,51.01169045209885,63777
246,-175.09296454044886,133,0.2913921604631864,22.255909824371336,63910
247,123.83421572698826,1000,0.28993519966087045,41.37890357017517,64910
248,42.35276191285325,86,0.2884855236625661,46.79127937078476,64996
249,108.60775534487065,1000,0.28704309604425327,39.61472470283508,65996
250,14.704549971078123,132,0.285607880564032,30.54993178129196,66128
251,-4.450545497612367,113,0.28417984116121187,27.462998645305632,66241
252,113.0368081963414,1000,0.2827589419554058,28.378316102027892,67241
253,64.90017634896356,1000,0.28134514724562876,34.24886512517929,68241
254,-143.71093186407325,529,0.2799384215094006,28.27409849882126,68770
255,-12.363471994148469,159,0.27853872940185365,23.896236770153045,68929
256,-10.259006492593642,119,0.27714603575484437,23.348820869922637,69048
257,138.3224644395522,1000,0.2757603055760701,22.603768007755278,70048
258,4.839600024058839,130,0.2743815040481898,26.213879042863844,70178
259,93.76479661696017,1000,0.2730095965279488,22.4127676820755,71178
260,158.16650370947758,1000,0.27164454854530906,23.922309668064116,72178
261,-212.88836467965578,196,0.2702863258025825,25.99037530899048,72374
262,140.97780059442752,1000,0.2689348941735696,38.1057519698143,73374
263,84.81365916847949,1000,0.26759021970270175,28.467200183868407,74374
264,28.231070740280813,194,0.2662522686041882,30.224785535335542,74568
265,43.731688849093274,141,0.2649210072611673,27.83998899459839,74709
266,105.2284126860342,1000,0.26359640222486147,31.79130229473114,75709
267,138.0979914157403,1000,0.26227842021373715,35.42935010910034,76709
268,229.54657893598352,739,0.2609670281126685,24.515713737010955,77448
269,100.71161423981575,1000,0.25966219297210513,25.333064160346986,78448
270,211.08116013134037,737,0.2583638820072446,27.926758081912993,79185
271,23.633205808457234,103,0.2570720625972084,37.3833620095253,79288
272,144.47158900072,1000,0.25578670228422234,15.822664220333099,80288
273,133.3158166516424,1000,0.25450776877280124,24.842121317386628,81288
274,277.53041069481867,376,0.2532352299289372,14.644050778150559,81664
275,140.52334809747097,1000,0.2519690537792925,20.906421698331833,82664
276,17.781916835020652,1000,0.2507092085103961,21.74955446124077,83664
277,165.16630366171236,1000,0.2494556624678441,15.70972342967987,84664
278,159.044357137347,1000,0.24820838415550486,18.828479365110397,85664
279,130.2528747920122,1000,0.24696734223472733,21.152318173646925,86664
280,113.39726096505743,1000,0.2457325055235537,20.431723428964617,87664
281,-273.97543391670433,97,0.24450384299593592,23.753936102390288,87761
282,-295.90393038556925,437,0.24328132378095624,28.453898179531098,88198
283,45.44912882781219,92,0.24206491716205145,18.544403427839278,88290
284,114.07846702313745,1000,0.2408545925762412,10.487537751197815,89290
285,95.70346808107058,1000,0.23965031961336,28.806878159046175,90290
286,103.16115424650675,1000,0.2384520680152932,19.71183518409729,91290
287,12.12127510065946,250,0.23725980767521673,13.333734786510467,91540
288,-152.92336118679685,1000,0.23607350863684065,19.01883826494217,92540
289,-157.32703511482532,201,0.23489314109365644,15.249467843770981,92741
290,173.29408216122388,1000,0.23371867538818816,13.591311482191086,93741
291,-22.31528997913773,128,0.23255008201124722,29.30343002676964,93869
292,8.379066897852468,116,0.231387331601191,28.39077419638634,93985
293,147.62739679591976,1000,0.23023039494318503,21.161191447973252,94985
294,-286.4865544662477,345,0.2290792429684691,12.42113977432251,95330
295,-375.18719582328254,329,0.22793384675362674,18.956173170804977,95659
296,270.04235649349425,894,0.22679417751985861,29.729723728895188,96553
297,38.793713360594666,159,0.22566020663225933,9.236639955043792,96712
298,154.88374553697753,1000,0.22453190559909803,14.605667015314102,97712
299,-6.500670462795611,406,0.22340924607110255,18.726516258716583,98118
300,55.9674688895136,1000,0.22229219984074702,16.333306865692137,99118
301,7.090018876662285,217,0.2211807388415433,21.93420986056328,99335
302,-83.42305018195879,166,0.22007483514733558,13.057627309560775,99501
303,-82.92322741632715,288,0.2189744609715989,21.250960848331452,99789
304,32.43330349026394,196,0.2178795886667409,19.489719240665437,99985
305,-87.24024726173056,98,0.2167901907234072,27.151803547143935,100083
306,76.57136645732822,1000,0.21570623976979014,11.894089000225067,101083
307,10.64366749439698,117,0.21462770857094118,16.473251274228097,101200
308,94.66003384606427,1000,0.21355457002808648,33.392319772243496,102200
309,-30.241589371412644,207,0.21248679717794605,9.413807653188705,102407
310,23.802756649495898,1000,0.21142436319205632,20.178892308473586,103407
311,-175.2450465955601,238,0.21036724137609603,17.716779906749725,103645
312,50.3617146194335,1000,0.20931540516921554,16.892957005500794,104645
313,-16.376418959891666,136,0.20826882814336947,18.990742764472962,104781
314,-11.183772595057633,80,0.20722748400265262,17.4464206969738,104861
315,89.09316215640993,1000,0.20619134658263935,12.506054664850234,105861
316,268.5073343832179,605,0.20516038984972615,11.262098171710967,106466
317,129.75631149757197,1000,0.2041345879004775,22.570184545516966,107466
318,12.153574880047643,262,0.2031139149609751,12.241221210956574,107728
319,102.13814070239383,1000,0.20209834538617025,15.934404800534248,108728
320,-380.42916595486787,260,0.2010878536592394,18.826916395425798,108988
321,145.63781639422297,1000,0.2000824143909432,14.936164240837098,109988
322,35.12887321053779,131,0.19908200231898848,7.780070545077324,110119
323,203.75257531897338,950,0.19808659230739353,21.090729038715363,111069
324,-5.3129762684087325,135,0.19709615934585656,26.005403385162353,111204
325,115.32366173073875,1000,0.19611067854912728,15.413346980810166,112204
326,204.13613109344226,578,0.19513012515638165,22.634266592264176,112782
327,21.430302023313274,110,0.19415447453059972,16.225021412372588,112892
328,64.77082759288689,1000,0.19318370215794672,17.514776000976564,113892
329,-179.5475295572772,478,0.192217783647157,9.725086357593536,114370
330,-126.50448080535156,324,0.1912566947289212,14.404880539774895,114694
331,6.892787891979765,129,0.1903004112552766,8.392595745325089,114823
332,-64.71356200657,452,0.18934890919900021,20.744744503498076,115275
333,-177.77986992150383,204,0.18840216465300522,23.818299334049225,115479
334,152.69326446498815,1000,0.18746015382974018,10.890900765657426,116479
335,7.069073718495081,1000,0.1865228530605915,16.536668291091917,117479
336,135.30530298294386,1000,0.18559023879528855,8.100274269580842,118479
337,213.74019960072928,687,0.1846622876013121,5.533018890023231,119166
338,140.63788726833963,1000,0.18373897616330553,18.011915946006773,120166
339,155.35185888117064,1000,0.182820281282489,11.471703630685806,121166
340,199.6981869011529,636,0.18190617987607657,9.207946997284889,121802
341,271.6223265237823,621,0.18099664897669618,9.65124752342701,122423
342,295.3819601750494,531,0.1800916657318127,11.467388144731522,122954
343,169.53031276613203,1000,0.17919120740315364,14.247996176481246,123954
344,-162.58234772196948,577,0.17829525136613786,9.205097550153733,124531
345,138.26412737777693,1000,0.17740377510930716,26.56841371178627,125531
346,-5.120846857003002,90,0.17651675623376062,11.045456372499466,125621
347,157.20523915107557,1000,0.1756341724525918,17.32661548256874,126621
348,-180.37205681716986,411,0.17475600159032884,15.393602607250214,127032
349,205.20555869037497,883,0.17388222158237718,21.718581931591032,127915
350,-25.71055926888981,131,0.1730128104744653,18.2704046189785,128046
351,191.7988717648643,501,0.17214774642209296,14.121207659244538,128547
352,218.9476097698922,930,0.1712870076899825,14.371281497478485,129477
353,50.989714665893246,112,0.17043057265153258,11.262971004247666,129589
354,1.709291816145381,185,0.16957841978827493,13.730269621610642,129774
355,256.5110663107598,581,0.16873052768933355,8.319640773534775,130355
356,270.65616373803095,471,0.1678868750508869,7.189580551981926,130826
357,70.73832206232431,1000,0.16704744067563246,13.346231526136398,131826
358,166.43989462795125,1000,0.1662122034722543,7.327066546082497,132826
359,-48.210346835482866,1000,0.16538114245489302,11.72218324303627,133826
360,131.73875778083388,1000,0.16455423674261854,27.81099552989006,134826
361,61.55427409537846,1000,0.16373146555890544,9.260904509425163,135826
362,136.5650973748082,1000,0.16291280823111093,5.434601853489876,136826
363,247.7315422754366,633,0.16209824418995536,11.418901304006576,137459
364,282.1868740460004,593,0.16128775296900558,15.592290769815445,138052
365,244.68580320699994,425,0.16048131420416054,13.8318971824646,138477
366,-21.551461005065804,132,0.15967890763313974,11.504522050619125,138609
367,147.5389888059242,1000,0.15888051309497406,12.942217750549316,139609
368,5.171726747892478,141,0.1580861105294992,9.093383612036705,139750
369,172.97602424796796,1000,0.1572956799768517,12.401675038337707,140750
370,153.78493324600186,1000,0.15650920157696743,9.057417217493057,141750
371,146.40710741066502,1000,0.1557266555690826,15.608514457941055,142750
372,-172.88149354466464,113,0.1549480222912372,11.860919137001037,142863
373,273.626600917356,821,0.15417328217978102,14.476623524427414,143684
374,150.13543864761382,1000,0.1534024157688821,15.719538169503211,144684
375,239.9520657718685,358,0.1526354036900377,12.634994058012962,145042
376,-1.4740197818107406,1000,0.1518722266715875,7.41936480820179,146042
377,170.6896976689946,1000,0.15111286553822956,11.089264624118805,147042
378,103.7116656302398,1000,0.15035730121053842,12.758798480033875,148042
379,229.08612069870637,413,0.14960551470448571,12.77130657672882,148455
380,268.4396153796551,568,0.14885748713096328,7.404468564987183,149023
381,287.8915833921403,606,0.14811319969530845,10.363518172502518,149629
382,-36.32679917955066,176,0.1473726336968319,11.411039426326752,149805
383,166.86179532998943,1000,0.14663577052834775,9.114885866641998,150805
384,272.3907717340054,785,0.14590259167570602,13.244135682582856,151590
385,120.75811693953646,1000,0.1451730787173275,9.048475366830825,152590
386,27.64854666866148,179,0.14444721332374086,10.307557715177536,152769
387,274.57668453643737,342,0.14372497725712216,10.350476217269897,153111
388,241.3305892287697,415,0.14300635237083656,9.698264115452766,153526
389,266.2937768945384,822,0.14229132060898236,13.396818102002143,154348
390,199.61087061443595,632,0.14157986400593744,8.1048721575737,154980
391,250.59170452418795,175,0.14087196468590776,7.449952907562256,155155
392,255.41416885676122,668,0.14016760486247823,16.526752251386643,155823
393,239.70918403435712,668,0.13946676683816583,8.146295790672303,156491
394,-326.8885313749264,79,0.138769433003975,9.685405963659287,156570
395,213.68763763533758,438,0.13807558583895513,10.232242656946182,157008
396,164.18734996154896,890,0.13738520790976036,5.107053720355034,157898
397,263.5388555097623,355,0.13669828187021155,10.3475820428133,158253
398,264.3719732153137,434,0.13601479046086049,9.020969538688659,158687
399,194.82719615653966,560,0.1353347165085562,8.186545097231864,159247
400,194.66966215002304,262,0.1346580429260134,10.38643338561058,159509
401,250.48786713676253,277,0.13398475271138335,11.405857153534889,159786
402,106.75936664749791,1000,0.13331482894782642,5.943863248229027,160786
403,228.98209172886212,481,0.13264825480308728,6.194659546017647,161267
404,262.30063311291246,314,0.13198501352907185,7.995068573355675,161581
405,89.19785211184221,1000,0.1313250884614265,10.413170134425163,162581
406,161.6965714748514,346,0.13066846301911936,11.575402014255523,162927
407,255.51080003705732,634,0.13001512070402377,14.005813264846802,163561
408,286.6564946755549,302,0.12936504510050365,9.31780397772789,163863
409,-2.9378703026287383,180,0.12871821987500112,6.638957193493843,164043
410,-80.54423852072372,88,0.12807462877562611,11.905535352230071,164131
411,38.17946746144261,155,0.12743425563174798,15.504300842285156,164286
412,-43.1881722307659,102,0.12679708435358925,6.446393681764603,164388
413,269.61481536419933,233,0.1261630989318213,10.756289110183715,164621
414,7.122277682951278,158,0.1255322834371622,10.08885330915451,164779
415,200.94166844095793,284,0.12490462201997637,16.67502902686596,165063
416,269.049994614316,215,0.1242800989098765,12.345872469842433,165278
417,241.3876877864625,562,0.12365869841532712,12.087746883034706,165840
418,226.97846319573404,213,0.12304040492325048,8.592613592743874,166053
419,307.93795687139806,371,0.12242520289863423,5.64595756828785,166424
420,24.025672362269816,84,0.12181307688414106,9.264417489171029,166508
421,266.82979114929304,464,0.12120401149972035,15.086833928823472,166972
422,-50.77287876140436,106,0.12059799144222175,7.968713918328286,167078
423,223.05213324002165,393,0.11999500148501063,21.039979699850083,167471
424,10.52930010508419,96,0.11939502647758558,12.354416162967683,167567
425,247.44894373666608,295,0.11879805134519765,12.40517110466957,167862
426,297.7131644310621,261,0.11820406108847166,17.148319956064224,168123
427,244.25258402082224,377,0.1176130407830293,11.917112481594085,168500
428,292.5612949065252,414,0.11702497557911415,10.392563417553902,168914
429,215.9385393857876,686,0.11643985070121858,14.17890464425087,169600
430,263.1254366132856,634,0.11585765144771248,9.025086730122567,170234
431,254.26835718342318,654,0.11527836319047392,11.283948863744735,170888
432,3.5304576590163066,187,0.11470197137452155,8.981873274445533,171075
433,262.15298234987387,455,0.11412846151764894,16.268547983169555,171530
434,292.0312817412173,206,0.1135578192100607,11.749739678502083,171736
435,-36.820955999707266,116,0.11299003011401039,7.162349576354027,171852
436,-599.6565196444492,289,0.11242507996344034,14.132311787605286,172141
437,-181.39081106307822,217,0.11186295456362313,10.96912024319172,172358
438,272.1771210107572,410,0.11130363979080501,12.923592963218688,172768
439,274.14728719824006,570,0.11074712159185099,7.854204458594322,173338
440,259.2901059053655,415,0.11019338598389174,18.943396275043487,173753
441,266.90473769085935,598,0.10964241905397228,12.26846874833107,174351
442,-163.01722760567884,89,0.10909420695870241,14.829366685152054,174440
443,233.34733687548427,427,0.1085487359239089,12.498015632033349,174867
444,-327.3088320539857,297,0.10800599224428936,15.947297063469886,175164
445,-73.77201953994067,140,0.10746596228306791,11.903459097146987,175304
446,209.25584683188148,396,0.10692863247165257,9.046760870814323,175700
447,-190.85470426037946,144,0.1063939893092943,20.87012043476105,175844
448,234.19754753647186,462,0.10586201936274783,16.037975675463677,176306
449,202.6573868425674,273,0.10533270926593409,15.03190320611,176579
450,287.9519589972857,362,0.10480604571960442,19.80754206955433,176941
451,265.4477672362599,504,0.1042820154910064,17.652806540131568,177445
452,213.70323514893732,700,0.10376060541355137,26.084706621170042,178145
453,226.76293170849266,496,0.1032418023864836,8.215063939392566,178641
454,18.689969274683428,1000,0.10272559337455119,10.530984805822373,179641
455,170.8591435932696,720,0.10221196540767843,19.761085138916968,180361
456,180.20865998625743,411,0.10170090558064004,7.074898495674133,180772
457,-171.33625439360236,245,0.10119240105273684,17.753945932388305,181017
458,-182.65856313882705,145,0.10068643904747315,8.53845608472824,181162
459,225.4679654947326,871,0.10018300685223579,13.018203899860382,182033
460,16.883719674870747,89,0.0996820918179746,19.36660220146179,182122
461,-20.50224988639455,157,0.09918368135888474,10.983970210552215,182279
462,230.11479421136283,260,0.09868776295209031,15.075730863809586,182539
463,-177.13954601312292,171,0.09819432413732986,9.892616158127785,182710
464,197.5507037794153,292,0.09770335251664321,13.774201250076294,183002
465,269.8369435137377,420,0.09721483575406,18.874046255350112,183422
466,221.76343459439138,374,0.09672876157528969,15.34753386735916,183796
467,235.61036184819716,416,0.09624511776741324,18.699760232567787,184212
468,303.38438677449705,322,0.09576389217857617,16.825878999829293,184534
469,-124.03494560097914,225,0.09528507271768329,13.992354462146759,184759
470,265.0474684924161,256,0.09480864735409487,18.610624101758003,185015
471,232.01796209239134,372,0.0943346041173244,17.817376787662507,185387
472,220.44920004706844,503,0.09386293109673778,8.53421049952507,185890
473,258.2154002388535,233,0.09339361644125409,13.464304667711257,186123
474,-40.92499234435667,125,0.09292664835904782,23.347880628108978,186248
475,-35.487640803189166,158,0.09246201511725258,15.386788176298142,186406
476,-160.9510340853758,366,0.09199970504166631,12.861323860287666,186772
477,259.94219002293937,293,0.09153970651645797,23.76914978325367,187065
478,269.0564956697442,229,0.09108200798387568,16.215592999458313,187294
479,-28.77039318805744,111,0.0906265979439563,18.368541105985642,187405
480,104.15779703840556,781,0.09017346495423652,12.283390141129495,188186
481,196.18809102986143,285,0.08972259762946533,12.032458586096764,188471
482,197.71156178106162,273,0.089273984641318,14.81434266448021,188744
483,133.9390742416688,592,0.0888276147181114,17.271797698140144,189336
484,6.177930973066694,580,0.08838347664452084,20.986213109493256,189916
485,266.27708468715093,209,0.08794155926129824,17.4114451110363,190125
486,188.82387978419257,316,0.08750185146499175,18.28982796728611,190441
487,257.89982439698525,382,0.08706434220766679,14.0413768607378,190823
488,240.80371597262092,279,0.08662902049662846,9.667511603236198,191102
489,169.85783829078235,826,0.08619587539414532,17.85915574669838,191928
490,0.25700149842430164,304,0.08576489601717459,20.515677597522735,192232
491,155.53359879518132,385,0.08533607153708872,25.017836278676988,192617
492,143.90626275124566,545,0.08490939117940327,14.117223191261292,193162
493,198.45464869239015,440,0.08448484422350626,13.677437723278999,193602
494,236.30191048551612,611,0.08406242000238873,17.570818095207215,194213
495,266.5791833369814,353,0.08364210790237678,7.087986412644386,194566
496,257.1083126159667,348,0.0832238973628649,14.055598795413971,194914
497,231.25790371865577,299,0.08280777787605056,13.146989102959633,195213
498,272.59906752923723,332,0.08239373898667031,10.806293278932571,195545
499,17.797305415291348,104,0.08198177029173696,18.955760099887847,195649
500,130.98610079464962,878,0.08157186144027828,18.371437575817108,196527
501,246.36725285295586,219,0.0811640021330769,17.15224046468735,196746
502,23.70653761282555,1000,0.08075818212241151,13.145068078041076,197746
503,270.92120256310886,421,0.08035439121179945,11.501246604323388,198167
504,209.30827563044522,351,0.07995261925574046,25.039895160198213,198518
505,197.68353493458778,401,0.07955285615946175,10.346661890149116,198919
506,228.0898815624827,686,0.07915509187866444,24.348429104089735,199605
507,-93.11418696271312,142,0.07875931641927113,7.528038737773895,199747
508,163.92226951395463,774,0.07836551983717477,16.52705200910568,200521
